[app/ui]
version = 8.1.0
modtime = 1605867504.637299500

[app/launcher]
version = 8.1.0
modtime = 1605867504.648269600
